rho_0=0.100000
pd=0.000000
0.000000 0.000000 0.000000 0.000000 0.000000 0.000000 0.000000 0.000000 0.000000 0.000000 0.000000 0.000000 0.000000 0.000000 0.000000 0.000000 0.000000 0.000010 0.000176 0.002382 0.016681 0.048671 0.084051 0.116884 0.146964 0.174954 0.200942 0.224461 0.246284 0.267367 0.286276 0.305071 0.321611 0.337136 0.353243 0.366993 0.379968 0.392231 0.405810 0.416824 0.427280 0.437217 0.446673 0.458216 0.466835 0.475066 0.482934 0.490463 0.497674 0.507788 0.514457 
pd=0.100000
0.000000 0.000000 0.000000 0.000000 0.000000 0.000000 0.000000 0.000000 0.000000 0.000000 0.000000 0.000000 0.000000 0.000000 0.000000 0.000000 0.000000 0.000010 0.000176 0.002382 0.016682 0.048671 0.084051 0.116884 0.146964 0.174954 0.200942 0.224461 0.246284 0.267367 0.286276 0.305071 0.321611 0.337136 0.353243 0.366993 0.379968 0.392231 0.405810 0.416824 0.427280 0.437217 0.446673 0.458216 0.466835 0.475066 0.482934 0.490463 0.497674 0.507788 0.514457 






rho_0=0.900000
pd=0.000000
0.000000 0.000000 0.000000 0.000000 0.000000 0.000000 0.000000 0.000000 0.000000 0.000000 0.000000 0.000000 0.000000 0.000000 0.000000 0.000000 0.000001 0.000020 0.000295 0.003157 0.018124 0.049212 0.084128 0.116891 0.146965 0.174954 0.200942 0.224461 0.246284 0.267367 0.286276 0.305071 0.321611 0.337136 0.353243 0.366993 0.379968 0.392231 0.405810 0.416824 0.427280 0.437217 0.446673 0.458216 0.466835 0.475066 0.482934 0.490463 0.500839 0.507788 0.514457 
pd=0.100000
0.000000 0.000000 0.000000 0.000000 0.000000 0.000000 0.000000 0.000000 0.000000 0.000000 0.000000 0.000000 0.000000 0.000000 0.000000 0.000000 0.000001 0.000020 0.000295 0.003157 0.018124 0.049212 0.084128 0.116891 0.146965 0.174954 0.200942 0.224461 0.246284 0.267367 0.286276 0.305071 0.321611 0.337136 0.353243 0.366993 0.379968 0.392231 0.405810 0.416824 0.427280 0.437217 0.446673 0.458216 0.466835 0.475066 0.482934 0.490463 0.500839 0.507788 0.514457 






