rho_0=0.100000
pd=0.000000
0.000000 0.000000 0.000000 0.000000 0.000000 0.000000 0.000000 0.000000 0.000000 0.000000 0.000000 0.000000 0.000000 0.000000 0.000000 0.000000 0.000000 0.000000 0.000000 0.000000 0.000000 0.000000 0.002735 0.000918 0.009445 0.030765 0.067647 0.116252 0.139921 0.211548 0.238804 
pd=0.100000
0.000000 0.000000 0.000000 0.000000 0.000000 0.000000 0.000000 0.000000 0.000000 0.000000 0.000000 0.000000 0.000000 0.000000 0.000000 0.000000 0.000000 0.000000 0.000000 0.000107 0.003355 0.006411 0.028685 0.087135 0.118632 0.142267 0.169279 0.202523 0.228431 0.250705 0.268791 




